1164.424908703364
1155.11126553114
1145.719799458151
1136.330503301066
1126.9467481326212
1117.5890101692985
1108.211893855835
1098.8731273649876
1089.5188431677914
1080.1949632925468
1070.8714683067844
1061.550168935804
1052.2622935495294
1042.9556954845066
1033.69660793143
1024.41067898982
1015.1584109123328
1005.9204651817083
996.6816124529586
987.4801295773103
978.256131894437
969.0890291928669
959.8887981938608
950.7362774127428
941.5768818035357
932.4460879146437
923.3281787864394
914.2214347661186
905.1414728739211
896.0614450855006
887.0210078946529
877.9663538852251
868.9664548376173
859.9415201082136
850.9738891328001
841.9926639776924
833.0570090268059
824.110605298797
815.2074829529629
806.3143145136352
797.448166465072
788.6001046330589
779.7721858454527
770.9626803156245
762.178258896796
753.415177423473
744.676241453548
735.9576502556698
727.2667192337751
718.594571259914
709.9487178957048
701.3283399220389
692.7342122752221
684.1625355787677
675.6187127012823
667.0965396228454
658.612982313968
650.1441222516438
641.7154429417951
633.2969085726124
624.9312775839904
616.565846228843
608.2631503137999
599.9553865783706
591.7086165998717
583.4691089366474
575.2762261993286
567.1080906952134
558.9722436566515
550.881035272312
542.8058498747534
534.7919482348437
526.7764099760574
518.8219258716329
510.88912680451676
502.99804238469125
495.1522799980888
487.3261287861443
479.5606125282603
471.80921182792025
464.10977054757797
456.45384862227246
448.8220620684023
441.2535513423237
433.70424642627046
426.20734224186356
418.7624285931659
411.33804117859864
403.97545080147216
396.6539717883434
389.3669347929462
382.14100239129243
374.9520077583788
367.80668640672184
360.7242251186302
353.6753206721774
346.6760984380072
339.7388337459907
332.8414284707473
325.99286691516977
319.2059170760196
312.47026018022575
305.7759946635153
299.14512829900684
292.5788549454573
286.04917784379694
279.58036375257274
273.17637815933944
266.83369908984486
260.53375886130283
254.30024397691716
248.13244060661737
242.03130600776691
235.9766638250835
229.9882556815349
224.06821920715475
218.21647009266024
212.4333365518958
206.70378551031976
201.04476018490303
195.45717237085188
189.94135612368788
184.49774410773452
179.12699880185428
173.8246880043568
168.59295285764776
163.43735812257862
158.3586789014986
153.357658654616
148.43539092948603
143.59260545437715
138.83062894804314
134.1503874130193
129.55294039842508
125.03959230237203
120.61166178298986
116.27048752169244
112.01737883327496
107.85382052020258
103.78137292125015
99.80163712041485
95.91610854970305
92.1265799554046
88.43464614388806
84.8377820297564
81.33970169256246
77.94447644884974
74.65410318306206
71.47037010203339
68.38989246283234
65.41711292979288
62.55704473377874
59.81010298744084
57.1726876802607
54.65431972300327
52.253239989298116
49.97035579098639
47.812089244713206
45.7735879220113
43.864427483272294
42.07933351956657
40.42656861764128
38.9035859569507
37.515192658058396
36.26244491081035
35.14637699874912
34.17021428490213
33.33501773559722
32.642119184082105
32.09373444836878
31.691110994209183
31.435434629157463
31.32788577884917
31.369535183379917
31.561192474072655
31.903479896913666
32.397029272396324
33.042064096914814
33.83885178627606
34.787505696704315
35.888120400458014
37.14052942890275
38.544254879528765
40.099590525714476
41.80653122401128
43.664958871350066
45.67360466825205
47.83399529393383
50.14652419505445
52.60929408414942
55.22467946372445
57.994200305528075
60.91470891023143
63.991397002665366
67.22369262415731
70.61269485585181
74.16267970815605
77.87119966715508
81.7468626073104
85.784945387432
89.9968131451993
94.37749064596873
98.93896315494742
103.6789131693749
108.60693502553879
113.72633475158783
119.04230372965489
124.56623115455066
130.2963809543623
136.24928682149036
142.4299461156237
148.8466351568584
155.514368155918
162.44126992736528
169.63891475257316
177.1261400171339
184.91606264175385
193.02201482616024
201.46781597340433
210.27623767902324
219.45930195727445
229.0526899212589
239.0831486742514
249.58233905544478
260.57664553619844
272.1135649068497
284.23705466929147
296.9970632694563
310.4377631195716
324.6335064171135
339.6511528879749
355.57362347009655
372.4899943736272
390.50549771203043
409.74090924010795
430.3436916350204
452.47562613655
476.3359785942697
502.1308536999286
530.1466984524221
560.7083831875942
594.206699557905
631.1026261785556
672.0083772385866
717.6283964702816
768.8684167458608
826.9745766771363
893.3765799494187
970.1538372724708
1060.0483283874717
1166.7542578249365
1295.7852731920536
1454.965109273489
1656.8235857622847
1921.068818673535
2282.0109304226703
2808.651179068533
3643.7172202138445
5183.155225701127
8946.772607939834
31689.93304361116
19514.223943135912
7601.285840330802
4686.25697203851
3386.391317718757
2649.907903090547
2172.6946326841
1839.682294940235
1593.2009764767392
1403.3874309716573
1252.4097196844632
1129.5564925524923
1027.4253105761877
941.0542076292185
867.1002646902309
802.8898694670501
746.6449515120892
696.903828292232
652.5157181914421
612.6952312751299
576.7093380321318
544.0036546639085
514.1321387257493
486.72465768096913
461.45733979132484
438.08650979873295
416.3869915592524
396.18001445882607
377.3000312584127
359.60935627749416
342.9921608449803
327.35020278386963
312.5927530161527
298.6419699733867
285.42446837414957
272.88374545838496
260.9674101263555
249.6291432797453
238.81836174645352
228.50230891040286
218.64961561636534
209.22924291934078
200.2053581961028
191.56189537951946
183.2763758253096
175.32494330150192
167.6877008665448
160.35449302100375
153.30675883008107
146.5271113768542
140.00983960585057
133.74034296532548
127.70588886364484
121.90314934310669
116.31727506839286
110.94408871070526
105.7777395817297
100.80630797505934
96.03183109014708
91.44038358867431
87.03532029514676
82.80619948121051
78.75412927225254
74.87135813396024
71.15940712823988
67.6105746730826
64.22834785333453
61.00457829685744
57.942795526034395
55.039300875776235
52.2925275165174
49.7038507976801
47.27015088309256
44.99204303330974
42.87010258329054
40.903520870163184
39.09177850622522
37.4362766003589
35.93722302298172
34.59493479901604
33.40948697837252
32.382031359754436
31.51311053220599
30.803234913498798
30.252884840722796
29.862492452198527
29.632409149334396
29.562780511536083
29.653578898063447
29.90462569026351
30.31556181016289
30.885658876968133
31.61386917497185
32.49941137980808
33.54127544119341
34.73733720420027
36.08573486237459
37.58611673379423
39.23494159491196
41.03045571495734
42.97270106405582
45.054686247789064
47.28090021878465
49.640798699698145
52.14079242838383
54.77089225233999
57.53417805401091
60.4282409441724
63.4446353180659
66.58918662963171
69.85833835797423
73.24152337115433
76.74559329682701
80.36820894899499
84.10714015786931
87.95254590707667
91.90861083362888
95.97440798251407
100.14797496377324
104.42723275704564
108.81018285251979
113.29493676302573
117.87967855186703
122.56258615689985
127.34182799400757
132.21609276573696
137.18353310565888
142.24307773449243
147.3928656153536
152.63203146996588
157.9591419487933
163.37303873705895
168.87299386628672
174.45733049610962
180.12592920966082
185.87738705276894
191.71136026936378
197.6270034870143
203.61325793179856
209.67413627894143
215.8136328482753
222.03125221352175
228.32642078734474
234.69880787474656
241.1267213505883
247.62928826199857
254.20670320635352
260.85912653748323
267.57511274211066
274.348498825678
281.19447106862793
288.1143701661672
295.0934583723955
302.1253373940416
309.2298700479473
316.407033504577
323.6237468888555
330.9061659421354
338.2606707799265
345.6650091731022
353.11933688390843
360.6449286747356
368.2242071038312
375.84699930380253
383.5393103496064
391.28169192509273
399.06629363527895
406.9217832209445
414.81747749921107
422.76184215860405
430.77661892496604
438.8153396407963
446.9139036498806
455.0743339269015
463.25619665616483
471.50906627457096
479.7948623823337
488.1269530350007
496.5250519329716
504.93456706663795
513.4167400153311
521.9236839310777
530.4816809115888
539.089828472885
547.7186919498965
556.4233677591438
565.1289601314013
573.9024299211487
582.6994026170834
591.5433060119358
600.4300938938003
609.3436510855834
618.3154835372922
627.2945616680605
636.3495401290274
645.3930591952859
654.5111983977479
663.6333741005715
672.8218238131117
682.0139875436984
691.2614330992587
700.530121049975
709.8389572268163
719.175610628367
728.5496054951411
737.9455011553782
747.3805128810558
756.8394323475137
766.3350264000704
775.8524836415965
785.4090197202856
794.984417418615
804.5924919281802
814.2223425086393
823.8905463433177
833.5720422197853
843.303304716289
853.0302847391707
862.8164704105563
872.5908802883641
882.4318428683874
892.2525495925998
902.1388450328802
912.0065050224464
921.9344675911886
931.8579637434297
941.8185049269788
951.8000607332124
961.803232804041
971.8361953666359
981.8687237325707
991.961302310456
1002.0247801607103
1012.1526351039377
1022.2567941096396
1032.4088348103976
1042.5716949176704
1052.7566675310761
1062.9611664314561
1073.1715319423254
