0.000 0.000
0.001 1.214
0.002 1.209
0.002 1.211
0.003 1.211
0.004 1.209
0.005 1.213
0.006 1.208
0.007 1.212
0.008 1.210
0.008 1.210
0.009 1.211
0.010 1.208
0.011 1.213
0.012 1.208
0.013 1.212
0.014 1.210
0.014 1.210
0.015 1.211
0.016 1.208
0.017 1.212
0.018 1.207
0.019 1.213
0.020 1.208
0.021 1.211
0.022 1.209
0.022 1.210
0.023 1.210
0.024 1.209
0.025 1.211
0.026 1.208
0.027 1.212
0.028 1.207
0.029 1.213
0.030 1.208
0.031 1.212
0.032 1.208
0.033 1.211
0.034 1.209
0.035 1.210
0.036 1.209
0.037 1.210
0.038 1.209
0.038 1.209
0.039 1.209
0.040 1.209
0.041 1.210
0.042 1.209
0.043 1.209
0.044 1.209
0.045 1.209
0.046 1.209
0.048 1.209
0.049 1.209
0.050 1.209
0.051 1.209
0.052 1.208
0.053 1.210
0.054 1.207
0.055 1.210
0.056 1.207
0.057 1.211
0.058 1.206
0.059 1.211
0.060 1.207
0.061 1.210
0.062 1.208
0.064 1.209
0.065 1.209
0.066 1.207
0.067 1.210
0.068 1.206
0.069 1.211
0.070 1.207
0.071 1.209
0.073 1.208
0.074 1.207
0.075 1.210
0.076 1.206
0.077 1.210
0.079 1.208
0.080 1.207
0.081 1.209
0.082 1.206
0.083 1.209
0.085 1.208
0.086 1.206
0.087 1.210
0.088 1.207
0.090 1.207
0.091 1.209
0.092 1.206
0.094 1.208
0.095 1.208
0.096 1.206
0.098 1.208
0.099 1.208
0.100 1.205
0.102 1.207
0.103 1.208
0.104 1.206
0.106 1.206
0.107 1.208
0.109 1.206
0.110 1.205
0.112 1.208
0.113 1.207
0.114 1.206
0.116 1.205
0.117 1.208
0.119 1.207
0.120 1.205
0.122 1.204
0.124 1.207
0.125 1.207
0.127 1.206
0.128 1.205
0.130 1.204
0.132 1.207
0.133 1.206
0.135 1.206
0.137 1.205
0.138 1.205
0.140 1.204
0.142 1.205
0.144 1.206
0.145 1.205
0.147 1.205
0.149 1.205
0.151 1.205
0.153 1.205
0.155 1.205
0.157 1.205
0.159 1.204
0.161 1.204
0.163 1.204
0.165 1.204
0.167 1.204
0.169 1.204
0.171 1.204
0.173 1.204
0.175 1.204
0.178 1.204
0.180 1.203
0.182 1.205
0.185 1.205
0.187 1.205
0.189 1.204
0.192 1.203
0.194 1.205
0.197 1.205
0.199 1.204
0.202 1.204
0.205 1.206
0.208 1.205
0.210 1.205
0.213 1.206
0.216 1.205
0.219 1.208
0.222 1.206
0.225 1.208
0.228 1.207
0.231 1.209
0.235 1.209
0.238 1.209
0.241 1.211
0.244 1.211
0.248 1.212
0.251 1.213
0.255 1.214
0.258 1.215
0.262 1.216
0.265 1.217
0.269 1.218
0.273 1.219
0.276 1.220
0.280 1.221
0.283 1.222
0.287 1.223
0.291 1.224
0.294 1.225
0.298 1.225
0.301 1.226
0.305 1.226
0.308 1.227
0.312 1.228
0.315 1.227
0.319 1.228
0.322 1.229
0.325 1.228
0.329 1.229
0.332 1.230
0.335 1.229
0.338 1.229
0.342 1.229
0.345 1.229
0.348 1.230
0.351 1.229
0.354 1.230
0.357 1.229
0.360 1.230
0.363 1.228
0.366 1.229
0.369 1.229
0.372 1.229
0.374 1.229
0.377 1.228
0.380 1.229
0.383 1.228
0.386 1.228
0.388 1.228
0.391 1.228
0.394 1.228
0.396 1.228
0.399 1.227
0.402 1.228
0.404 1.227
0.407 1.227
0.409 1.227
0.412 1.227
0.415 1.226
0.417 1.226
0.420 1.227
0.422 1.227
0.425 1.226
0.427 1.226
0.430 1.226
0.432 1.226
0.434 1.225
0.437 1.225
0.439 1.225
0.442 1.225
0.444 1.225
0.446 1.225
0.449 1.225
0.451 1.225
0.454 1.225
0.456 1.224
0.458 1.224
0.461 1.224
0.463 1.224
0.465 1.224
0.468 1.224
0.470 1.224
0.472 1.223
0.475 1.223
0.477 1.223
0.479 1.223
0.482 1.223
0.484 1.223
0.486 1.222
0.489 1.222
0.491 1.222
0.493 1.222
0.495 1.222
0.498 1.222
0.500 1.222
0.502 1.222
0.505 1.221
0.507 1.221
0.509 1.221
0.511 1.221
0.514 1.221
0.516 1.221
0.518 1.221
0.520 1.221
0.523 1.220
0.525 1.220
0.527 1.220
0.530 1.220
0.532 1.220
0.534 1.220
0.537 1.220
0.539 1.220
0.541 1.219
0.543 1.219
0.546 1.219
0.548 1.219
0.550 1.219
0.553 1.219
0.555 1.219
0.557 1.218
0.560 1.218
0.562 1.218
0.564 1.218
0.567 1.218
0.569 1.218
0.572 1.218
0.574 1.217
0.576 1.218
0.579 1.217
0.581 1.217
0.584 1.217
0.586 1.217
0.588 1.217
0.591 1.217
0.593 1.216
0.596 1.216
0.598 1.216
0.601 1.216
0.603 1.216
0.606 1.215
0.609 1.216
0.611 1.215
0.614 1.215
0.616 1.215
0.619 1.215
0.622 1.214
0.624 1.214
0.627 1.215
0.630 1.214
0.632 1.214
0.635 1.214
0.638 1.213
0.641 1.214
0.643 1.214
0.646 1.213
0.649 1.214
0.652 1.213
0.655 1.214
0.658 1.213
0.661 1.213
0.664 1.212
0.667 1.213
0.670 1.212
0.673 1.213
0.676 1.212
0.679 1.213
0.682 1.212
0.686 1.213
0.689 1.213
0.692 1.213
0.696 1.213
0.699 1.214
0.702 1.213
0.706 1.214
0.709 1.215
0.713 1.215
0.716 1.215
0.720 1.216
0.724 1.217
0.727 1.217
0.731 1.218
0.735 1.219
0.738 1.220
0.742 1.221
0.746 1.222
0.749 1.223
0.753 1.225
0.757 1.226
0.760 1.227
0.764 1.228
0.767 1.229
0.771 1.230
0.774 1.232
0.778 1.232
0.781 1.233
0.784 1.234
0.788 1.234
0.791 1.235
0.794 1.237
0.797 1.235
0.800 1.238
0.803 1.236
0.806 1.238
0.809 1.237
0.811 1.238
0.814 1.239
0.817 1.237
0.819 1.239
0.822 1.240
0.825 1.238
0.827 1.239
0.830 1.240
0.832 1.240
0.834 1.238
0.837 1.238
0.839 1.239
0.841 1.239
0.843 1.239
0.846 1.239
0.848 1.239
0.850 1.239
0.852 1.239
0.854 1.239
0.856 1.239
0.858 1.239
0.860 1.239
0.862 1.238
0.864 1.238
0.866 1.238
0.867 1.238
0.869 1.238
0.871 1.238
0.873 1.238
0.875 1.238
0.876 1.239
0.878 1.239
0.880 1.237
0.881 1.237
0.883 1.237
0.885 1.238
0.886 1.238
0.888 1.239
0.890 1.236
0.891 1.237
0.893 1.237
0.894 1.238
0.896 1.237
0.897 1.236
0.899 1.237
0.900 1.238
0.902 1.237
0.903 1.235
0.905 1.237
0.906 1.239
0.908 1.235
0.909 1.236
0.910 1.238
0.912 1.236
0.913 1.235
0.914 1.237
0.916 1.237
0.917 1.235
0.918 1.237
0.920 1.236
0.921 1.234
0.922 1.237
0.924 1.235
0.925 1.235
0.926 1.238
0.927 1.234
0.929 1.236
0.930 1.237
0.931 1.233
0.932 1.237
0.934 1.235
0.935 1.235
0.936 1.237
0.937 1.233
0.938 1.237
0.939 1.234
0.941 1.235
0.942 1.236
0.943 1.233
0.944 1.238
0.945 1.232
0.946 1.236
0.947 1.234
0.949 1.235
0.950 1.235
0.951 1.234
0.952 1.236
0.953 1.232
0.954 1.237
0.955 1.231
0.956 1.237
0.957 1.232
0.958 1.236
0.959 1.233
0.960 1.235
0.961 1.233
0.962 1.235
0.963 1.233
0.964 1.234
0.965 1.234
0.966 1.234
0.967 1.234
0.968 1.234
0.969 1.233
0.970 1.234
0.971 1.233
0.972 1.234
0.973 1.233
0.974 1.235
0.975 1.232
0.976 1.235
0.977 1.232
0.978 1.236
0.979 1.231
0.980 1.236
0.981 1.230
0.982 1.236
0.983 1.231
0.984 1.235
0.985 1.232
0.986 1.234
0.987 1.233
0.987 1.233
0.988 1.234
0.989 1.232
0.990 1.235
0.991 1.230
0.992 1.236
0.993 1.230
0.994 1.234
0.995 1.232
0.995 1.233
0.996 1.234
0.997 1.231
