0.000
22.101
31.256
38.280
44.202
49.419
54.136
58.474
62.511
66.303
69.890
73.301
76.560
79.686
82.694
85.597
88.404
91.125
93.767
96.336
98.839
101.280
103.663
105.993
108.272
110.505
112.693
114.840
116.948
119.018
121.052
123.053
125.022
126.961
128.870
130.751
132.606
134.435
136.240
138.021
139.779
141.312
141.282
141.252
141.221
141.189
141.157
141.124
141.090
141.056
141.020
140.985
140.948
140.911
140.872
140.833
140.793
140.753
140.711
140.668
140.625
140.580
140.534
140.488
140.440
140.391
140.341
140.289
140.237
140.183
140.128
140.071
140.013
139.954
139.893
139.830
139.766
139.700
139.632
139.563
139.492
139.418
139.343
139.266
139.186
139.104
139.020
138.934
138.845
138.753
138.658
138.561
138.461
138.357
138.251
138.141
138.028
137.911
137.790
137.666
137.537
137.404
137.266
137.124
136.977
136.825
136.668
136.505
136.336
136.161
135.979
135.791
135.596
135.394
135.183
134.965
134.738
134.503
134.257
134.002
133.737
133.460
133.173
132.873
132.561
132.235
131.895
131.540
131.170
130.784
130.380
129.959
129.518
129.057
128.576
128.072
127.545
126.994
126.418
125.815
125.185
124.526
123.837
123.117
122.365
121.579
120.760
119.907
119.020
118.098
117.140
116.150
115.127
114.072
112.990
111.883
110.754
109.612
108.458
107.306
106.158
105.030
103.928
102.869
101.864
100.926
100.071
99.312
98.662
98.134
97.739
97.484
97.376
97.418
97.609
97.948
98.428
99.039
99.773
100.616
101.554
102.573
103.660
104.798
105.976
107.181
108.400
109.624
110.844
112.052
113.242
114.409
115.547
116.655
117.730
118.770
119.775
120.742
121.674
122.568
123.428
124.252
125.042
125.800
126.525
127.220
127.886
128.523
129.134
129.719
130.280
130.817
131.332
131.827
132.301
132.757
133.195
133.616
134.022
134.412
134.787
135.149
135.499
135.836
136.162
136.477
136.782
137.077
137.363
137.640
137.910
138.171
138.426
138.673
138.915
139.150
139.379
139.604
139.823
140.038
140.248
140.454
140.657
140.856
141.052
141.244
141.435
141.622
141.807
141.991
142.172
142.352
142.531
142.708
142.884
143.060
143.235
143.410
143.584
143.759
143.932
143.889
143.716
143.541
143.365
143.189
143.013
142.835
142.657
142.477
142.296
142.113
141.928
141.741
141.551
141.359
141.164
140.966
140.764
140.559
140.350
140.136
139.918
139.695
139.467
139.233
138.993
138.747
138.494
138.234
137.966
137.691
137.406
137.113
136.810
136.497
136.173
135.838
135.490
135.129
134.755
134.367
133.963
133.543
133.106
132.651
132.177
131.682
131.166
130.628
130.065
129.478
128.864
128.222
127.551
126.850
126.116
125.348
124.546
123.707
122.831
121.916
120.961
119.966
118.930
117.853
116.737
115.581
114.388
113.160
111.901
110.617
109.312
107.995
106.675
105.362
104.068
102.807
101.595
100.447
99.381
98.413
97.561
96.842
96.268
95.853
95.605
95.529
95.628
95.898
96.334
96.926
97.662
98.526
99.502
100.572
101.718
102.925
104.173
105.450
106.741
108.033
109.318
110.585
111.829
113.042
114.221
115.364
116.465
117.526
118.546
119.522
120.457
121.351
122.205
123.019
123.796
124.536
125.242
125.914
126.554
127.164
127.745
128.298
128.825
129.328
129.807
130.263
130.699
131.115
131.512
131.891
132.253
132.599
132.930
133.247
133.551
133.841
134.120
134.386
134.642
134.887
135.123
135.350
135.567
135.775
135.976
136.170
136.356
136.535
136.707
136.874
137.034
137.189
137.338
137.482
137.621
137.756
137.886
138.011
138.132
138.250
138.364
138.474
138.580
138.683
138.783
138.881
138.975
139.066
139.155
139.240
139.324
139.405
139.484
139.560
139.635
139.707
139.777
139.846
139.912
139.977
140.040
140.102
140.161
140.220
140.277
140.332
140.386
140.439
140.490
140.540
140.589
140.637
140.684
140.729
140.774
140.817
140.860
139.779
138.021
136.240
134.435
132.606
130.751
128.870
126.961
125.022
123.053
121.052
119.018
116.948
114.840
112.693
110.505
108.272
105.993
103.663
101.280
98.839
96.336
93.767
91.125
88.404
85.597
82.694
79.686
76.560
73.301
69.890
66.303
62.511
58.474
54.136
49.419
44.202
38.280
31.256
22.101
0.000
