0.0
1.236994154375941
2.4421435429083402
3.647160830618825
4.852043896184729
6.056790867139876
7.261399156145288
8.465866978016647
9.67019168532568
10.874371276620616
12.0784032310517
13.282284990941045
14.486014448196846
15.689588574983231
16.893005388700267
18.096261577198266
19.29935480012686
20.502282318857613
21.705041044943044
22.907628521818797
24.110041097084984
25.31227655080032
26.514330841435374
27.716201429471894
28.917884601566513
30.119377278220096
31.320675968598657
32.52177704793666
33.7226771385349
34.923372165575756
36.1238588523088
37.32413257040717
38.5241902096262
39.72402662715556
40.92363857993921
42.12302093551251
43.32216994585716
44.52108026092127
45.719747834365315
46.91816758598153
48.11633476646594
49.314244229147654
50.51189073205163
51.70926882043788
52.90637308021836
54.103197814459875
55.29973724181149
56.49598527452401
57.691935883702286
58.88758254116511
60.082918776608736
61.27793788484303
62.47263297492615
63.66699678485347
64.8610220260519
66.05470091695871
67.24802612453774
68.44098905525732
69.63358193379932
70.82579537314163
72.01762163094705
73.20905021019061
74.40007327741917
75.59067935119273
76.78085991219852
77.97060332261746
79.15989963989307
80.34873735486819
81.53710495685107
82.72499125326482
83.9123828908938
85.09926885502438
86.28563365195124
87.471465331372
88.65674881330877
89.84146982532798
91.02561382429342
92.20916374272876
93.39210501807551
94.57441877593814
95.75608847184134
96.93709620206046
98.11742157675717
99.29704694251565
100.4759497370803
101.65410964436181
102.83150549317553
104.00811184658615
105.18390661809416
106.35886446255093
107.53295806441899
108.70616212368364
109.87844716413358
111.04978317002553
112.22014138759717
113.38948756646103
114.5577881185583
115.72500978669001
116.89111418326895
118.05606244243786
119.21981602276
120.3823326423879
121.54356590815198
122.70347134990281
123.8620025925747
125.01910473191735
126.17472526479041
127.3288099218438
128.48130073977464
129.63213163711546
130.78123916741163
131.92855627424274
133.07401253230339
134.21752699506084
135.3590203371598
136.49840944529723
137.63560638724928
138.77051821142152
139.9030399962109
141.03306743891784
142.16049031448856
143.28519177860204
144.40704791604662
145.5259273333032
146.6416875145377
147.75417767554296
148.86324060390353
149.9687092420171
151.0704059222158
152.16814184844017
153.2617159741459
154.35091462243437
155.4355102110051
156.51526036100282
157.5899071114392
158.65917587779234
159.72277437087047
160.78039140471924
161.83169596929906
162.87633620954855
163.9139383936048
164.94410565498853
165.96641758963284
166.9804290658222
167.9856590593589
168.98160380584977
169.96773929254573
170.94351711792186
171.90836513608895
172.86166917137876
173.80280196254768
174.73113315066868
175.64601644592608
176.54677205860602
177.43276511222183
178.30335803431285
179.15793644174792
179.9959681839248
180.81693855671614
181.62049204104244
182.4063307630919
183.174373136143
183.92467794381184
184.65755781280012
185.37357001813444
186.07354206916207
186.75862566923246
187.43027865542237
188.0902676773068
188.74066838355938
189.3838181063228
190.0222668403061
190.65871520222314
191.29593985628472
191.93671035269332
192.5837075075834
193.23945133620794
193.90623255435892
194.5860669244442
195.28066258946737
195.99140618500553
196.71936065558475
197.46527610472754
198.22962387798
199.01262212746838
199.81426802367122
200.63436239952676
201.47256958842078
202.32843574214596
203.20140110758842
204.09085552089036
204.9961494694467
205.9165862574544
206.8514806143811
207.80013827468568
208.76187336092536
209.73602536665484
210.7219397172017
211.71900608945901
212.72661993927454
213.7442267015285
214.77128062421028
215.8072825236269
216.85174834277788
217.90423057701625
218.96430480786753
220.03157146861554
221.10566154586823
222.1862184146818
223.27291739914457
224.36545022773865
225.46352709470187
226.5668801978049
227.67525589056513
228.78841594624546
229.90614024033118
231.02822097116768
232.1544615563133
233.28468031655223
234.4187076103545
235.5563799164554
236.697547954985
237.8420709894504
238.98981693674094
240.140659405283
241.29448217217004
242.45117606556602
243.6106386448239
244.77277146684978
245.93748444398213
247.10469219394594
248.2743148674771
249.44627701712042
250.6205077786422
251.79694055665985
252.97551354607648
254.1561684568038
255.33885116158046
256.5235092829668
257.71009513485234
258.89856420104996
260.08887490390816
261.2809877796699
262.47486736540947
263.67047970441797
264.8677930783153
266.06678036782637
267.2674139613068
268.4696701604607
269.6735274740464
270.8789650858786
272.08596597941704
273.2945134017114
274.5045946415784
275.7161965814075
276.92930662935163
278.14392173824217
279.3600314778991
280.57763428315394
281.7967237099316
283.01728246438586
284.23935787865304
285.46290437227873
286.6879498093986
287.91449559033384
289.1425446884257
290.3721120201413
291.60320542155443
292.83583919697253
294.07002798752444
295.3057901970779
296.5431431046812
297.78210797765126
299.02270913630065
300.26497038994177
301.50892105572507
302.7545902975047
304.0020105313171
305.2512187275719
306.50225135151015
307.755149437285
309.0099570245086
310.2667209153501
311.5254909709014
312.786321655431
314.0492699123385
315.31439712606635
316.5817680522443
317.8514525224248
319.123525255575
320.3980657214244
321.67515800631503
322.95489194171057
324.2373631897463
325.52267472915213
326.8109355028115
328.10226130370825
329.3967751219621
330.6946105579858
331.99590866170576
333.30081896068214
334.6095010934626
335.9221291712081
337.23888542786756
338.5599644303315
339.8855760677906
341.21594595490456
342.55131120689924
343.89192770830886
345.2380724051272
346.59003605496093
347.94813262407274
349.312700920301
350.68409673354546
352.0627083981149
353.44894680515205
354.84324903297363
356.2460912051935
357.6579673431978
359.0794209763145
360.5110131197363
361.9533537486025
363.4070757945875
364.87285953474435
366.3514050112567
367.8434616936898
369.34978485888644
370.87117861824265
372.4084384001127
373.96237465642133
375.5337918956862
377.12345244808415
378.73208641812687
380.36034075589833
382.0087461826061
383.67769406440834
385.36739614072457
387.07781904826913
388.80865160585546
390.5592604303109
392.3286561790246
394.1154477411477
395.9178362795095
397.7336200494058
399.5602214330686
401.39473805621833
403.2340173182554
405.0747524792109
406.91359044809303
408.74724286782686
410.57259246246576
412.3867893093382
414.187325301918
415.97207385560347
417.73931541643947
419.48775372061044
421.2164886110638
422.9249609393105
424.6129532830572
426.28051578334527
427.9279010946148
429.5555893835314
431.16413525589536
432.75426389500205
434.32670048661015
435.88226765032624
437.4217725913903
438.94603006677926
440.45587605399527
441.9520882815021
443.4354278376654
444.9066556774213
446.36646479483545
447.81551570053597
449.25443482313733
450.683832202745
452.1042653241232
453.51625558471386
454.9202922161256
456.3168339090359
457.7063101689671
459.0891227487832
460.46564720597456
461.8362345641068
463.20121292048225
464.56088842758464
465.91554742191306
467.2654570695653
468.61086749645733
469.9520121717223
471.2891096269327
472.6223643476008
473.9519675445863
475.278098757455
476.60092577416384
477.92060626930464
479.2372879776584
480.5511097033271
481.8622064798667
483.17070285605183
484.4767140136783
485.7803484037348
487.08170825864295
488.3808899491208
489.67799113172964
490.97309754334435
492.26629004369624
493.5576449803224
494.847237479924
496.1351398768432
497.42141679487236
498.70612918385746
499.989337981729
501.27110207111053
502.551473252297
503.83050079994587
505.1082374003001
506.38472837945847
507.66001584048473
508.9341433631836
510.2071522541697
511.4790787274379
512.7499597796061
514.0198319361856
515.288726649785
516.5566763657405
517.8237128996016
519.089863353663
520.3551570107899
521.6196208899322
522.8832786501982
524.1461574622579
525.4082798631753
526.6696673062719
527.930343856472
529.1903283378826
530.4496419403418
531.708303882643
532.9663311335709
534.2237439858479
535.4805575197948
536.7367895505469
537.992455406808
539.247569904994
540.5021491115373
541.7562051451758
543.009754070222
544.2628074979328
545.5153790819573
546.7674806978193
548.0191240120703
549.270321072571
550.521081954519
551.7714187975942
553.0213401361711
554.270858133165
555.5199807449567
556.7687186686962
558.017079654785
559.2650737136247
560.5127084852695
561.7599926627482
563.0069339427351
564.2535402171574
565.4998187842173
566.7457772331012
567.9914223303609
569.236761124394
570.4818000330581
571.7265457317959
572.9710041666486
574.215181697526
575.4590840861209
576.7027172244611
577.9460863719795
579.1891973021773
580.4320546624101
581.6746643458379
582.917030480384
584.159158812102
585.4010530438787
586.6427188055734
587.8841595955272
589.1253807014837
590.3663855267691
591.6071787740593
592.8477641371122
594.0881455421124
595.3283267944629
596.5683114368807
597.8081034956257
599.0477057485406
600.2871225499051
601.5263564365879
602.7654114482399
604.0042902634243
605.2429961312753
606.4815320255155
607.719900886922
607.719900886922
