0.0
2.9303242685089823
5.835339059687064
8.715113693284136
11.569718207303602
14.399223362976512
17.2037006499327
19.983222291576986
22.737861250678275
25.467691235180034
28.17278670424097
30.853222874514707
33.50907572667831
36.1404220122192
38.747339260490875
41.329905786048116
43.88820069627275
46.42230389930176
48.93229611226955
51.418258869877164
53.88027453330148
56.31842629945827
58.73279821063298
61.12347516449426
63.49054292450609
65.83408813075368
68.15419831120103
70.4509618933969
72.72446821664735
74.97480754467463
77.20207107878102
79.40635097153931
81.58774034103047
83.74633328565135
85.88222489951548
87.99551128847102
90.08628958676096
92.15465797435218
94.20071569495968
96.22456307479527
98.22630154206901
100.20603364727488
102.16386308429148
104.09989471233106
106.01423457877085
107.90698994290196
109.77826930063185
111.62818241017922
113.45684031879952
115.2643553905813
117.05084133535584
118.81641323876202
120.5611875935114
122.2852823318978
123.98881685959901
125.67191209081736
127.33469048480819
128.977276083846
130.599794552678
132.20237321951745
133.78514111862728
135.34822903454668
136.8917695480129
138.41589708363026
139.92074795933772
141.40646043772668
142.873174779258
144.3210332974263
145.75018041591858
147.1607627278087
148.55292905682862
149.9268305207518
151.28262059691912
152.6204551899314
153.94049270152715
155.24289410265337
156.52782300773015
157.79544575109668
159.04593146561518
160.27945216339376
161.49618281857315
162.6963014521041
163.87998921842004
165.04743049388858
166.19881296689607
167.3343277293938
168.45416936970008
169.55853606631743
170.64762968248635
171.7216558611534
172.78082411998693
173.8253479460208
174.85544488945723
175.8713366560984
176.87324919781773
177.8614128004153
178.83606216813743
179.79743650406488
180.74577958550697
181.6813398334608
182.60437037512273
183.51512909836381
184.41387869701083
185.3008867057041
186.17642552304235
187.04077242166733
187.8942095438967
188.73702388147706
189.56950723801245
190.3919561726178
191.20467192336778
192.0079603091493
192.80213160859276
193.58750041485092
194.36438546511624
195.1331094439233
195.89399875946907
196.64738329240225
197.39359611678535
198.13297319321157
198.86585303436823
199.59257634366722
200.31348562791302
201.02892478533806
201.7392386706997
202.44477263949472
203.14587207369448
203.84288189173208
204.53614604576947
205.22600700952975
205.91280526019236
206.59687875800483
207.2785624273648
207.958187643161
208.63608172613309
209.31256745091716
209.9879625702882
210.66257935889504
211.33672417951854
212.0106970745686
212.68479138518848
213.35929339995383
214.0344820347621
214.71062854509887
215.38799627146702
216.06684041836866
216.74740786685325
217.42993702029224
218.11465768271736
218.80179096877075
219.4915492440613
220.1841360945093
220.87974632308416
221.5785659722043
222.28077236996742
222.98653419831444
223.6960115811956
224.40935619080363
225.126711369958
225.84821226876753
226.57398599375827
227.30415176772976
228.03882109869
228.77809795631444
229.5220789544785
230.2708535385161
231.02450417596677
231.783106549679
232.54672975224358
233.31543648083343
234.089283231624
234.868320493063
235.6525929373464
236.44213960953996
237.23699411386468
238.0371847967336
238.84273492619496
239.65366286749466
240.46998225452748
241.2917021569932
242.11882724311934
242.95135793785076
243.78929057644123
244.63261755341298
245.4813274668765
246.3354052582271
247.19483234725374
248.0595867627145
248.92964326844617
249.8049734850888
250.68554600751554
251.57132651806728
252.46227789569753
253.35836032113812
254.25953137820093
255.16574615133285
256.07695731954294
256.9931152468224
257.91416806917726
258.840061778393
259.7707403026511
260.70614558411285
261.6462176535874
262.5908947023964
263.5401131515453
264.4938077183108
265.45191148034803
266.4143559374212
267.38107107085585
268.35198540080955
269.32702604145436
270.3061187541604
271.2891879987687
272.27615698303566
273.2669477103321
274.2614810256731
275.2596766601551
276.2614532738716
277.2667284973781
278.27541897177224
279.2874403874545
280.30270752163057
281.3211342746151
282.3426337049948
283.3671180637051
284.3944988270732
285.4246867288794
286.45759179148416
287.49312335606936
288.5311901120386
289.5717001256194
290.61456086771045
291.6596792410143
292.7069616064935
293.7563138091886
294.8076412034355
295.8608486775147
296.9158406777694
297.972521232223
299.03079397372994
300.0905621626891
301.1517287093513
302.2141961957493
303.27786689727975
304.34264280396326
305.40842564141224
306.47511689153066
307.54261781297333
308.61082946139027
309.6796527094802
310.7489882668793
311.81873669990904
312.88879845120704
313.9590738592659
315.0294631779027
316.09986659568364
317.1701842553275
318.2403162731107
319.31016275829853
320.37962383262595
321.4485996498515
322.5169904154088
323.5846964061799
324.6516179904143
325.7176556478195
326.78270998984794
327.8466817802056
328.90947195560886
329.9709816468169
331.0311121999658
332.0897651982333
333.14684248386277
334.20224618057557
335.25587871640306
336.30764284696835
337.3574416792516
338.4051786958709
339.4507577799143
340.4940832403584
341.5350598381102
342.57359281271135
343.6095879097442
344.64295140898133
345.67359015332164
346.70141157855767
347.72632374402104
348.7482353641553
349.7670558410643
350.78269529809285
351.7950646144912
352.8040754612223
353.809640337972
354.8116726114239
355.8100865548645
356.80479738918655
357.795721325362
358.78277560845794
359.76587856327336
360.7449496416776
361.7199094717338
362.690679908696
363.65718408797017
364.6193464801354
365.5770929481233
366.5303508066596
367.47904888407413
368.4231175865907
369.36248896521244
370.2970967853218
371.226876599119
372.1517658210262
373.07170380619
373.98663193221756
374.8964936842854
375.8012347437641
376.700803080505
377.5951490489376
378.48422548812874
379.3679878259561
380.24639418755095
381.11940550816195
381.9869856505961
382.8491015273851
383.7057232278268
384.5568241500444
385.4023811381993
386.2423746249849
387.07678877951963
387.9056116607396
388.72883537637983
389.5464562476083
390.35847497935737
391.1648968363662
391.9657318249186
392.76099488022015
393.55070605931974
394.33489073942786
395.1135798214329
395.8868099383525
396.6546236683893
397.41706975218415
398.1742033137739
398.9260860846716
399.6727866303836
400.4143805785698
401.1509508479408
401.882587876855
402.6093898504557
403.33146292504745
404.0489214482731
404.7618881735105
405.4704944667639
406.1748805041873
406.8751954582399
407.5715976703497
408.26425480784945
408.9533440028509
409.63905197065566
410.3215751052504
411.00111954942344
411.67790123706317
412.3521459052641
413.0240890739787
413.6939759911156
414.36206154119856
415.0286101159681
415.693895445631
416.35820038983474
417.0218166878641
417.68504466802176
418.3481929166509
419.0115779077793
419.675523594901
420.34036096694496
421.006427571006
421.67406700490744
422.34362838312074
423.0154657799701
423.6899376543835
424.36740626071696
425.04823705034954
425.73279806884483
426.42145935346747
427.1145923357613
427.81256925371906
428.515762577827
429.2245444549464
429.9392861736203
430.66035765396924
431.388126964887
432.1229598707712
432.86521940954214
433.6152655032264
434.3734546019183
435.14013936149377
435.91566835504767
436.7003858176525
437.49463142371206
438.2987400958983
439.1130418444213
439.9378616351866
440.7735192852444
441.6203293838195
442.47860123714105
443.34863883524605
444.2307408389223
445.1252005849702
446.03230610799864
446.95234017702677
447.8855803452302
448.8322990112528
449.79276349059205
450.7672360956607
451.75597422322403
452.75923044801164
453.77725262139865
454.8102839741493
455.858563222307
456.92232467540737
458.00179834627176
459.09721006172344
460.20878157363984
461.33673066982766
462.4812712842697
463.6426136063536
464.8209641887459
466.01652605362534
467.22949879703424
468.4600786911464
469.7084587842871
470.9748289985736
472.25937622507263
473.5622844163973
474.8837346766894
476.2239053489511
477.5829720997088
478.9611080010068
480.35848360974046
481.7752670443508
483.2116240589107
484.6677181146428
486.143710448913
487.6397601417515
489.15602417995643
490.6926575188389
492.2498131416712
493.8276421169012
495.4262936531984
497.0459151523975
498.6866522604053
500.3486489161369
502.03204739854795
503.73698837182815
505.463610928819
507.2120526327208
508.98244955715086
510.77493632461227
512.5896461434345
514.4267108432423
516.28626090901
518.168425513755
520.0733325499233
522.0011086595201
523.9518792630319
525.9257685871904
527.9228996916241
529.9433944944402
531.9873737967821
534.0549573064025
536.1462636602919
538.2614104464006
540.4005142244921
542.5636905461604
544.7510539740492
546.9627181003013
549.1987955642724
551.459398069537
553.7446364002179
556.0546204366635
558.3894591705022
560.7492607190968
563.1341323394255
565.5441804414105
567.9795106007183
570.4402275710514
572.9264352959538
575.4382369201472
577.9757348004198
580.5390305160829
583.1282248790143
585.7434179433038
588.3847090145182
591.0521966585983
593.7459787104058
596.4661522819304
599.2128137701736
601.9860588647205
604.7859825550098
607.6126791373191
610.4662422214706
