0.0
1.2052793715818166
2.4424035090071756
3.6796597472544486
4.917050207646302
6.154576762648912
7.392241999601258
8.630047703687657
9.867996522336382
11.106090456999206
12.34433202852588
13.582723794594294
14.82126786329625
16.059967262467623
17.29882397470834
18.537841312168094
19.777021615197263
21.01636762242427
22.255882422296597
23.495568471378604
24.735429422070172
25.9754674943126
27.215686729635305
28.456089667556547
29.696680021419688
30.937460870723868
32.17843570630306
33.41960815292282
34.66098158828235
35.902560087199255
37.14434692642397
38.386346734283364
39.6285626210221
40.87099972945048
42.1136613026246
43.35655247300907
44.599676988622164
45.84304019951581
47.086646152029516
48.33049992637105
49.574606271844395
50.81897033512043
52.06359735817421
53.30849279574573
54.553662061923
55.79911085363924
57.04484495224539
58.29087044549065
59.53719336227013
60.78382023076508
62.030757521279206
63.27801193900269
64.52559037487732
65.77350009090775
67.02174837566707
68.27034301071802
69.51929132909675
70.76860192433492
72.01828257175066
73.26834265836611
74.51878992651845
75.76963487323263
77.02088533196184
78.27255278414604
79.524645749098
80.77717586463683
82.03015307331898
83.28358888430162
84.5374948082765
85.7918820378205
87.04676392614928
88.30215148797646
89.55806021700734
90.81450206354434
92.07149210756533
93.32904462150388
94.58717414849619
95.8458977560186
97.10523000662963
98.36518977472474
99.62579360477932
100.88705940051797
102.14900755177904
103.41165571197831
104.67502644337141
105.93914006204764
107.20401773919166
108.46968491173878
109.73616366618855
111.00347934768952
112.27165927177919
113.54072873847231
114.81071722398015
116.08165474404592
117.35357005243206
118.62649739952599
119.90047037338648
121.17552223121254
122.45169136059138
123.72901662738022
125.00753657301581
126.28729347934566
127.56833373953937
128.8507018237463
130.13444410703215
131.41961549364729
132.706268486732
133.9944573556364
135.2842400636633
136.57568269228025
137.86884868794183
139.16380510706847
140.46062237496557
141.7593814381659
143.0601616220247
144.36304603984502
145.6681226238507
146.97548432563627
148.28523606680466
149.5974821500555
150.91233280044256
152.2299048622868
153.55032225079995
154.87371635950117
156.20022970422443
157.53001306917693
158.8632236667741
160.20002855461829
161.54060540037736
162.8851430001108
164.23384240036282
165.58691727803205
166.9445952154191
168.30711859137915
169.67474536690054
171.04775012650515
172.42642515938476
173.81108165149377
175.20205061287172
176.59968389858
178.0043552404815
179.4164615050555
180.83642309636895
182.26468514613734
183.7017286785584
185.14805745802533
186.60419549728712
188.07069119786877
189.5481167056594
191.03708619632735
192.5382269311162
194.05216926895295
195.57955949965333
197.12107741293113
198.6773578852731
200.24903848913982
201.83673360766252
203.4409753914434
205.06227854460982
206.7009985862413
208.35743339014962
210.03166454305625
211.72363326134516
213.43302691831465
215.15928823893807
216.90158971386822
218.6587796397556
220.42940017952347
222.2116846835968
224.00355750330198
225.80268130649634
227.6065060984708
229.41233126251151
231.21738013440773
233.01888316395687
234.81415953502454
236.60068923235775
238.3761815401645
240.13862069603698
241.88629855697158
243.61782848739117
245.33214754276972
247.02850561958468
248.70643137228993
250.36570664875933
252.0063342785143
253.62851342861651
255.23257976568024
256.8189871379128
258.38829529842815
259.94111441108396
261.4780939884854
262.9999307264355
264.50730989546656
266.00092576111973
267.4814642008379
268.94958572106617
270.4059448964771
271.8511520501775
273.28581172631976
274.7104784900236
276.1256980932996
277.53196971984073
278.9297774266475
280.3195687183669
281.7017680134734
283.0767748786832
284.4449583273883
285.80667498453244
287.1622495260274
288.511990223391
289.85618688238554
291.19510730524024
292.52900513843775
293.8581186087152
295.18266784058716
296.50286063570843
297.8188935765206
299.13094834223944
300.439194574395
301.74379579425187
303.04490128168004
304.34265177317246
305.6371793518397
306.9286104092554
308.21706116832615
309.50264080088795
310.7854517475879
312.06559245151976
313.3431530003451
314.6182187763391
315.8908696287657
317.1611810050801
318.42922376951606
319.6950645174562
320.9587650539973
322.2203836692277
323.47997449040884
324.73758989498026
325.99327756905257
327.2470820288127
328.4990448519123
329.7492055021084
330.9975994423266
332.2442606292758
333.48922078133626
334.732507017783
335.9741469502604
337.21416427706424
338.4525804894363
339.6894164035619
340.92468903598126
342.1584151396446
343.39060742573537
344.6212790118641
345.8504424898777
347.07810090694494
348.30426469324584
349.5289354139487
350.7521195131289
351.9738342846324
353.194032396323
354.412759428655
355.6299875174929
356.84571526251545
358.0599396903814
359.2726458846236
360.4838260091682
361.69346575970786
362.9015504951137
364.1080618115181
365.31298242987253
366.5162910828602
367.7179634501686
368.9179757224852
370.1162985826597
371.31290286683776
372.50775615898317
373.7008214886862
374.8920623907057
376.0814378308886
377.26890376962274
378.45441340473894
379.6379168751455
380.8193597165737
381.99868498562387
383.17583129785385
384.3507338976337
385.523322953411
386.69352374621855
387.86125680632694
389.0264380473941
390.1889776379563
391.3487799158783
392.5057419024303
393.65975465472866
394.8107023797897
395.9584620874936
397.1029001774277
398.24387559966556
399.3812388266469
400.51483021982415
401.6444756680364
402.76999293733473
403.8911874608286
405.00784934932716
406.11975298817094
407.22666126213403
408.3283182866822
409.42444711582164
410.51475699194566
411.59893394879157
412.6766391785211
413.74751689123434
414.8111787526226
415.8672138715432
416.9151851696793
417.9546165234172
418.98501391137063
420.0058338042117
421.0165151867477
422.01644808383924
423.0049995638121
423.98148934961296
424.9452173990584
425.89543424258306
426.8313846033442
427.7522643699457
428.6572781140334
429.54561538368245
430.41647167037536
431.2690846439351
432.10272419985023
432.91674338803654
433.7106114872865
434.48393713144196
435.2365085810835
435.9683591994967
436.67980016786817
437.37146486937047
438.0443426466145
438.6998246104492
439.33970959804515
439.9661993541067
440.5818714964017
441.18962839920965
441.7926226631304
442.3941610281326
442.99759658520816
443.60621769143205
444.2231416227509
444.85121830183624
445.4929558352142
446.15048080748653
446.82551277260825
447.51934799439505
448.2328866298994
448.96668782761054
449.72096900982166
450.4956800354913
451.2905682501795
452.10515348722066
452.9388811408145
453.7910260276656
454.6608629620153
455.54756932425704
456.45033790915073
457.36835395971957
458.3007814984614
459.24684279691235
460.2057767667068
461.17682245290865
462.1592868614523
463.15250948170956
464.1558638850659
465.16874003141595
466.1905804359955
467.2208637013626
468.2591005959087
469.30483242895616
470.35762969498273
471.4170906411244
472.48283970989075
473.5545258777163
474.6318210472987
475.71441906615405
476.80203359778335
477.8943974760889
478.99126057515457
480.09238942584744
481.1975654965948
482.3065843018844
483.4192546308568
484.5353969439459
485.65484345319476
486.77743648401173
487.9030283016157
489.0314801019048
490.16265685132294
491.2964340010956
492.43269636942694
493.57133550532825
494.712249176378
495.8553410118579
497.0005133552067
498.1476804695497
499.29676149515564
500.4476800844872
501.6003611108433
502.7547322398818
503.9107288478104
505.0682899847832
506.22735471286944
507.38786414944576
508.5497664942171
509.713012472526
510.87754939812964
512.043331944929
513.2103180098607
514.3784640131196
515.5477286480912
516.7180757007808
517.8894681745703
519.0618695439485
520.235248356307
521.4095721663093
522.584809158406
523.7609322303023
524.9379120991331
526.1157217459485
527.2943375116402
528.4737322255382
529.6538833505787
530.8347694334398
532.0163664091974
533.1986554537445
534.381615377243
535.5652269608995
536.7494732359294
537.9343339096099
539.1197939016208
540.3058353968266
541.4924430665234
542.6796020942952
543.8672964137097
545.0555139060288
546.2442385069404
547.4334586051872
548.6231605471204
549.8133324572161
551.0039626689229
552.19503913438
553.3865517783898
554.5784884612724
555.7708406486531
556.963596177617
558.1567470917829
559.3502826940011
560.54419523387
561.738474700988
562.9331134553009
564.12810280378
565.323435049751
566.5191023012865
567.7150972601843
568.9114123372582
570.1080407659562
571.304975497881
572.5022101151746
573.6997379423947
574.8975530334998
576.09564902858
577.294020165943
578.4926605535605
579.691564932
580.8907275277601
582.0901436934851
583.289807536015
584.4897149274267
585.6898601216665
586.8902394158473
588.0908471801105
589.2916799161145
590.4927323361158
591.694001036788
592.8954813154555
594.0971694783603
595.2990615993178
596.5011538729251
597.703442756465
598.9059242236779
600.1085954967208
601.3114522213141
602.514491860589
603.7177103748948
604.921105085668
606.1246727437748
607.3284103754922
608.5323150400435
608.5323150400435
