0.000 0.000 0.000
0.002 2.956 2.956
0.004 5.886 2.930
0.006 8.791 2.905
0.008 11.671 2.880
0.010 14.525 2.855
0.012 17.355 2.830
0.014 20.159 2.804
0.016 22.939 2.780
0.018 25.694 2.755
0.020 28.423 2.730
0.022 31.128 2.705
0.024 33.809 2.680
0.026 36.465 2.656
0.028 39.096 2.631
0.030 41.703 2.607
0.032 44.286 2.583
0.034 46.844 2.558
0.036 49.378 2.534
0.038 51.888 2.510
0.040 54.374 2.486
0.042 56.836 2.462
0.044 59.274 2.438
0.046 61.689 2.414
0.048 64.079 2.391
0.050 66.446 2.367
0.052 68.790 2.344
0.054 71.110 2.320
0.056 73.407 2.297
0.058 75.680 2.274
0.060 77.931 2.250
0.062 80.158 2.227
0.064 82.362 2.204
0.066 84.543 2.181
0.068 86.702 2.159
0.070 88.838 2.136
0.072 90.951 2.113
0.074 93.042 2.091
0.076 95.110 2.068
0.078 97.156 2.046
0.080 99.180 2.024
0.082 101.182 2.002
0.084 103.162 1.980
0.086 105.120 1.958
0.088 107.056 1.936
0.090 108.970 1.914
0.092 110.863 1.893
0.094 112.734 1.871
0.096 114.584 1.850
0.098 116.413 1.829
0.100 118.220 1.808
0.102 120.007 1.786
0.104 121.772 1.766
0.106 123.517 1.745
0.108 125.241 1.724
0.110 126.945 1.704
0.112 128.628 1.683
0.114 130.290 1.663
0.116 131.933 1.643
0.118 133.555 1.623
0.120 135.158 1.603
0.122 136.741 1.583
0.124 138.304 1.563
0.126 139.847 1.544
0.128 141.372 1.524
0.130 142.876 1.505
0.132 144.362 1.486
0.134 145.829 1.467
0.136 147.277 1.448
0.138 148.706 1.429
0.140 150.116 1.411
0.142 151.509 1.392
0.144 152.883 1.374
0.146 154.238 1.356
0.148 155.576 1.338
0.150 156.896 1.320
0.152 158.199 1.302
0.154 159.484 1.285
0.156 160.751 1.268
0.158 162.002 1.250
0.160 163.235 1.234
0.162 164.452 1.217
0.164 165.652 1.200
0.166 166.836 1.184
0.168 168.003 1.167
0.170 169.155 1.151
0.172 170.290 1.136
0.174 171.410 1.120
0.176 172.514 1.104
0.178 173.603 1.089
0.180 174.677 1.074
0.182 175.737 1.059
0.184 176.781 1.045
0.186 177.811 1.030
0.188 178.827 1.016
0.190 179.829 1.002
0.192 180.817 0.988
0.194 181.792 0.975
0.196 182.753 0.961
0.198 183.701 0.948
0.200 184.637 0.936
0.202 185.560 0.923
0.204 186.471 0.911
0.206 187.370 0.899
0.208 188.257 0.887
0.210 189.132 0.876
0.212 189.996 0.864
0.214 190.850 0.853
0.216 191.693 0.843
0.218 192.525 0.832
0.220 193.348 0.822
0.222 194.160 0.813
0.224 194.964 0.803
0.226 195.758 0.794
0.228 196.543 0.785
0.230 197.320 0.777
0.232 198.089 0.769
0.234 198.850 0.761
0.236 199.603 0.753
0.238 200.349 0.746
0.240 201.089 0.739
0.242 201.822 0.733
0.244 202.548 0.727
0.246 203.269 0.721
0.248 203.985 0.715
0.250 204.695 0.710
0.252 205.400 0.706
0.254 206.102 0.701
0.256 206.799 0.697
0.258 207.492 0.693
0.260 208.182 0.690
0.262 208.869 0.687
0.264 209.553 0.684
0.266 210.234 0.682
0.268 210.914 0.680
0.270 211.592 0.678
0.272 212.268 0.676
0.274 212.944 0.675
0.276 213.618 0.675
0.278 214.292 0.674
0.280 214.966 0.674
0.282 215.640 0.674
0.284 216.315 0.675
0.286 216.990 0.675
0.288 217.666 0.676
0.290 218.344 0.677
0.292 219.023 0.679
0.294 219.703 0.681
0.296 220.386 0.683
0.298 221.070 0.685
0.300 221.757 0.687
0.302 222.447 0.690
0.304 223.140 0.693
0.306 223.835 0.696
0.308 224.534 0.699
0.310 225.236 0.702
0.312 225.942 0.706
0.314 226.652 0.709
0.316 227.365 0.713
0.318 228.082 0.717
0.320 228.804 0.722
0.322 229.530 0.726
0.324 230.260 0.730
0.326 230.995 0.735
0.328 231.734 0.739
0.330 232.478 0.744
0.332 233.227 0.749
0.334 233.980 0.754
0.336 234.739 0.759
0.338 235.502 0.764
0.340 236.271 0.769
0.342 237.045 0.774
0.344 237.824 0.779
0.346 238.608 0.784
0.348 239.398 0.790
0.350 240.193 0.795
0.352 240.993 0.800
0.354 241.798 0.806
0.356 242.609 0.811
0.358 243.426 0.816
0.360 244.247 0.822
0.362 245.075 0.827
0.364 245.907 0.833
0.366 246.745 0.838
0.368 247.588 0.843
0.370 248.437 0.849
0.372 249.291 0.854
0.374 250.151 0.859
0.376 251.015 0.865
0.378 251.885 0.870
0.380 252.761 0.875
0.382 253.641 0.881
0.384 254.527 0.886
0.386 255.418 0.891
0.388 256.314 0.896
0.390 257.215 0.901
0.392 258.121 0.906
0.394 259.033 0.911
0.396 259.949 0.916
0.398 260.870 0.921
0.400 261.796 0.926
0.402 262.726 0.931
0.404 263.662 0.935
0.406 264.602 0.940
0.408 265.547 0.945
0.410 266.496 0.949
0.412 267.450 0.954
0.414 268.408 0.958
0.416 269.370 0.962
0.418 270.337 0.967
0.420 271.308 0.971
0.422 272.283 0.975
0.424 273.262 0.979
0.426 274.245 0.983
0.428 275.232 0.987
0.430 276.223 0.991
0.432 277.217 0.995
0.434 278.215 0.998
0.436 279.217 1.002
0.438 280.222 1.005
0.440 281.231 1.009
0.442 282.243 1.012
0.444 283.258 1.015
0.446 284.277 1.018
0.448 285.298 1.021
0.450 286.323 1.024
0.452 287.350 1.027
0.454 288.380 1.030
0.456 289.413 1.033
0.458 290.449 1.036
0.460 291.487 1.038
0.462 292.527 1.041
0.464 293.570 1.043
0.466 294.615 1.045
0.468 295.663 1.047
0.470 296.712 1.049
0.472 297.763 1.051
0.474 298.817 1.053
0.476 299.872 1.055
0.478 300.928 1.057
0.480 301.986 1.058
0.482 303.046 1.060
0.484 304.107 1.061
0.486 305.170 1.062
0.488 306.234 1.064
0.490 307.298 1.065
0.492 308.364 1.066
0.494 309.431 1.067
0.496 310.498 1.068
0.498 311.567 1.068
0.500 312.635 1.069
0.502 313.705 1.069
0.504 314.774 1.070
0.506 315.845 1.070
0.508 316.915 1.070
0.510 317.985 1.070
0.512 319.056 1.070
0.514 320.126 1.070
0.516 321.196 1.070
0.518 322.266 1.070
0.520 323.335 1.069
0.522 324.404 1.069
0.524 325.473 1.068
0.526 326.540 1.068
0.528 327.607 1.067
0.530 328.673 1.066
0.532 329.738 1.065
0.534 330.802 1.064
0.536 331.865 1.063
0.538 332.927 1.062
0.540 333.987 1.060
0.542 335.045 1.059
0.544 336.103 1.057
0.546 337.158 1.055
0.548 338.212 1.054
0.550 339.263 1.052
0.552 340.313 1.050
0.554 341.361 1.048
0.556 342.406 1.046
0.558 343.450 1.043
0.560 344.491 1.041
0.562 345.529 1.039
0.564 346.565 1.036
0.566 347.599 1.033
0.568 348.629 1.031
0.570 349.657 1.028
0.572 350.682 1.025
0.574 351.704 1.022
0.576 352.723 1.019
0.578 353.738 1.016
0.580 354.751 1.012
0.582 355.760 1.009
0.584 356.765 1.006
0.586 357.767 1.002
0.588 358.766 0.998
0.590 359.760 0.995
0.592 360.751 0.991
0.594 361.738 0.987
0.596 362.722 0.983
0.598 363.701 0.979
0.600 364.676 0.975
0.602 365.646 0.971
0.604 366.613 0.967
0.606 367.575 0.962
0.608 368.533 0.958
0.610 369.486 0.953
0.612 370.435 0.949
0.614 371.379 0.944
0.616 372.318 0.939
0.618 373.253 0.935
0.620 374.183 0.930
0.622 375.107 0.925
0.624 376.027 0.920
0.626 376.942 0.915
0.628 377.852 0.910
0.630 378.757 0.905
0.632 379.657 0.900
0.634 380.551 0.894
0.636 381.440 0.889
0.638 382.324 0.884
0.640 383.202 0.878
0.642 384.075 0.873
0.644 384.943 0.868
0.646 385.805 0.862
0.648 386.661 0.857
0.650 387.513 0.851
0.652 388.358 0.846
0.654 389.198 0.840
0.656 390.032 0.834
0.658 390.861 0.829
0.660 391.685 0.823
0.662 392.502 0.818
0.664 393.314 0.812
0.666 394.121 0.806
0.668 394.921 0.801
0.670 395.717 0.795
0.672 396.506 0.790
0.674 397.291 0.784
0.676 398.069 0.779
0.678 398.843 0.773
0.680 399.610 0.768
0.682 400.373 0.762
0.684 401.130 0.757
0.686 401.882 0.752
0.688 402.628 0.747
0.690 403.370 0.742
0.692 404.107 0.737
0.694 404.838 0.732
0.696 405.565 0.727
0.698 406.287 0.722
0.700 407.005 0.717
0.702 407.718 0.713
0.704 408.426 0.709
0.706 409.131 0.704
0.708 409.831 0.700
0.710 410.527 0.696
0.712 411.220 0.693
0.714 411.909 0.689
0.716 412.595 0.686
0.718 413.277 0.683
0.720 413.957 0.680
0.722 414.634 0.677
0.724 415.308 0.674
0.726 415.980 0.672
0.728 416.650 0.670
0.730 417.318 0.668
0.732 417.984 0.667
0.734 418.650 0.665
0.736 419.314 0.664
0.738 419.978 0.664
0.740 420.641 0.663
0.742 421.304 0.663
0.744 421.967 0.663
0.746 422.631 0.664
0.748 423.296 0.665
0.750 423.962 0.666
0.752 424.630 0.668
0.754 425.299 0.670
0.756 425.971 0.672
0.758 426.646 0.674
0.760 427.323 0.677
0.762 428.004 0.681
0.764 428.689 0.685
0.766 429.377 0.689
0.768 430.070 0.693
0.770 430.768 0.698
0.772 431.471 0.703
0.774 432.180 0.709
0.776 432.895 0.715
0.778 433.616 0.721
0.780 434.344 0.728
0.782 435.079 0.735
0.784 435.821 0.742
0.786 436.571 0.750
0.788 437.329 0.758
0.790 438.096 0.767
0.792 438.871 0.776
0.794 439.656 0.785
0.796 440.450 0.794
0.798 441.254 0.804
0.800 442.069 0.814
0.802 442.894 0.825
0.804 443.729 0.836
0.806 444.576 0.847
0.808 445.434 0.858
0.810 446.304 0.870
0.812 447.186 0.882
0.814 448.081 0.894
0.816 448.988 0.907
0.818 449.908 0.920
0.820 450.841 0.933
0.822 451.788 0.947
0.824 452.748 0.960
0.826 453.723 0.974
0.828 454.712 0.989
0.830 455.715 1.003
0.832 456.733 1.018
0.834 457.766 1.033
0.836 458.814 1.048
0.838 459.878 1.064
0.840 460.958 1.079
0.842 462.053 1.095
0.844 463.164 1.112
0.846 464.292 1.128
0.848 465.437 1.145
0.850 466.598 1.161
0.852 467.777 1.178
0.854 468.972 1.196
0.856 470.185 1.213
0.858 471.416 1.231
0.860 472.664 1.248
0.862 473.931 1.266
0.864 475.215 1.285
0.866 476.518 1.303
0.868 477.839 1.321
0.870 479.180 1.340
0.872 480.539 1.359
0.874 481.917 1.378
0.876 483.314 1.397
0.878 484.731 1.417
0.880 486.167 1.436
0.882 487.623 1.456
0.884 489.099 1.476
0.886 490.595 1.496
0.888 492.112 1.516
0.890 493.648 1.537
0.892 495.206 1.557
0.894 496.783 1.578
0.896 498.382 1.599
0.898 500.002 1.620
0.900 501.642 1.641
0.902 503.304 1.662
0.904 504.988 1.683
0.906 506.693 1.705
0.908 508.419 1.727
0.910 510.168 1.748
0.912 511.938 1.770
0.914 513.731 1.792
0.916 515.545 1.815
0.918 517.382 1.837
0.920 519.242 1.860
0.922 521.124 1.882
0.924 523.029 1.905
0.926 524.957 1.928
0.928 526.908 1.951
0.930 528.881 1.974
0.932 530.879 1.997
0.934 532.899 2.020
0.936 534.943 2.044
0.938 537.011 2.068
0.940 539.102 2.091
0.942 541.217 2.115
0.944 543.356 2.139
0.946 545.519 2.163
0.948 547.707 2.187
0.950 549.918 2.212
0.952 552.154 2.236
0.954 554.415 2.261
0.956 556.700 2.285
0.958 559.010 2.310
0.960 561.345 2.335
0.962 563.705 2.360
0.964 566.090 2.385
0.966 568.500 2.410
0.968 570.935 2.435
0.970 573.396 2.461
0.972 575.882 2.486
0.974 578.394 2.512
0.976 580.931 2.537
0.978 583.495 2.563
0.980 586.084 2.589
0.982 588.699 2.615
0.984 591.340 2.641
0.986 594.008 2.667
0.988 596.702 2.694
0.990 599.422 2.720
0.992 602.169 2.747
0.994 604.942 2.773
0.996 607.742 2.800
0.998 610.568 2.827
