0.0
8.262921075952188E-4
0.0016525842151904376
0.0024830236328597715
0.003316471846152713
0.004151226214015852
0.00499193571173491
0.005832645209453967
0.006679256411674024
0.007527334416620946
0.008378722573813259
0.009234278400886088
0.010090631109871224
0.010953776215318801
0.011816921320766378
0.012686135511997999
0.01355698354393498
0.014431672817077183
0.015310339667288494
0.016190713815350206
0.017077317672414133
0.01796392152947806
0.018858255048400333
0.019752916452159333
0.020653499097759723
0.02155634099516809
0.022463407252877068
0.02337455505525445
0.024288347403329615
0.025207929045049017
0.02612869823443463
0.027056844233073397
0.027984990231712168
0.02892169309536761
0.029858536613349213
0.030802879679101974
0.031748556586855894
0.03270081997854677
0.033655468919213005
0.0346159423237777
0.035579704779481365
0.036548687782499256
0.03752170814221983
0.03849951057537107
0.039481936204429205
0.04046887850522378
0.041460859816407195
0.04245727340055135
0.0434589639268993
0.04446519157366533
0.045476748042929206
0.04649314429389327
0.047514726704688315
0.04854165827619797
0.04957342997585795
0.050611276185586106
0.051653403949730343
0.05270255715766466
0.05375521127148215
0.05481607733568848
0.0558794316769406
0.056952430424425944
0.05802693703615733
0.05911222826114725
0.060199565907177024
0.061296101404013786
0.06239673085722098
0.06350469973811552
0.06461909768915895
0.06573869309936646
0.06686735270556991
0.06799877191642381
0.06914220336723977
0.07028870336497356
0.07144437896990886
0.07260651440981851
0.07377463133926784
0.07495296255387067
0.0761351938261436
0.0773288422268508
0.07852822460483504
0.07973497248033747
0.08095212152129949
0.08217411187362586
0.08340775026315118
0.08464856400849369
0.0858960033818026
0.08715631679414636
0.08842253529248366
0.08969831373118889
0.09098520047004131
0.092278689694276
0.09358382541111548
0.09489922850969656
0.09622198898630291
0.097557544157363
0.09890354607582574
0.10025772188907796
0.10162480430755506
0.10300363609742903
0.10439152421753037
0.1057912889030381
0.10720533965457835
0.10862939951505346
0.11006381592329124
0.11151487673117547
0.11297773995110927
0.11445202003722496
0.1159388670711868
0.1174433471806013
0.11896038595646061
0.12049041317964015
0.1220338739524717
0.12359634110552448
0.12517348341041087
0.12676536356545945
0.12837248218321604
0.12999541610004658
0.13163919700179103
0.1332996559420619
0.13497735299023825
0.13667286658549846
0.1383867938979307
0.1401197511600952
0.14187404838381643
0.14364999309364454
0.14544668305175784
0.1472647990322525
0.14910504150501427
0.15096813067013368
0.1528548064103944
0.15476582815024817
0.15670197460858448
0.15866404343144425
0.16065285068961618
0.1626692302248045
0.16471403282677866
0.1667881252226263
0.16889238885795144
0.17102771844861647
0.17319502028044925
0.17539521023326968
0.1776292115046707
0.17989795200827938
0.18220519856834308
0.1845509779164076
0.18693478492282412
0.18935753395902075
0.19182012243432564
0.19432789134826048
0.1968802206686886
0.19947541384682138
0.20211576116528185
0.20480799654504636
0.2075456014892718
0.21033336241916922
0.2131737484528657
0.2160618524175516
0.2190077196117445
0.22200092379812833
0.22505322218429222
0.22815398950618976
0.23131144025485997
0.23451923352661996
0.23777789355084325
0.24108855592358397
0.2444450600435095
0.2478468417071754
0.25129273763646154
0.2547762832333625
0.2582939760729959
0.2618423958043805
0.2654169097601988
0.2690112789259409
0.2726204574160462
0.27623927146755795
0.27986251927118627
0.2834846903315096
0.2871008247995625
0.2907064418268215
0.294297444048253
0.2978697105605008
0.3014190407242564
0.30494360078395566
0.308441169617032
0.3119095009164302
0.3153449992452298
0.3187488859831444
0.3221205838337544
0.3254564214418996
0.328758580281617
0.3320280390881522
0.33526034924335546
0.3384604178524224
0.3416266610522201
0.34475903708683864
0.3478605872971466
0.3509278934354082
0.3539668345693001
0.3569722925107162
0.35995119525941316
0.3628983687109241
0.3658201124926833
0.36871271225746666
0.37158034744733875
0.3744220891111594
0.37723873347366427
0.3800332376926295
0.3828020008020951
0.3855501510177474
0.3882766568041207
0.39098127567858104
0.3936671113668669
0.3963329079762589
0.3989793712856455
0.4016088045236517
0.40422060620791117
0.4068145800963289
0.4093931825186753
0.41195688561354377
0.41450387120233956
0.4170368438673559
0.419556446197207
0.42206285359969725
0.424555024587504
0.4270352530373349
0.4295039484677128
0.431961513241854
0.43440688301986397
0.43684188506048194
0.43926703810904444
0.44168271325296893
0.4440889983245554
0.44648561778884427
0.44887393521655333
0.4512542942347854
0.4536270330535865
0.45599248465759185
0.4583501198352387
0.4607011828488562
0.46304600857080386
0.4653849084975725
0.4677181900076054
0.47004606984026276
0.47236844898287494
0.4746861775257114
0.47699954647729326
0.4793088438249921
0.48161435472742675
0.4839163617061417
0.4862149014665634
0.48851045155434547
0.49080338901988363
0.4930939867371342
0.4953825160019282
0.49766924671874013
0.49995444758700464
0.5022382942804801
0.5045211770183966
0.5068033835122521
0.509085179295065
0.5113668297303839
0.5136486001977305
0.5159307562783454
0.5182136409052127
0.5204975154729807
0.5227826292848782
0.5250692511848108
0.527357651266486
0.5296481010641242
0.5319408737443165
0.5342365069566093
0.536535134487942
0.5388369767157037
0.5411423167083367
0.5434514402669818
0.5457646361275538
0.5480823421818005
0.5504051726911834
0.5527330328768442
0.555066227499384
0.557405065423626
0.5597498598326439
0.5621011756876845
0.5644597615927239
0.5668253594001068
0.5691983048638529
0.5715789392916286
0.5739676097657889
0.576365811521844
0.5787729661642699
0.5811893451139498
0.5836153248691699
0.5860514748205088
0.5884994806535381
0.5909583890753386
0.5934286107184562
0.5959105641775305
0.5984063826381343
0.6009153148672709
0.6034374415501599
0.6059732203716971
0.608525581021196
0.6110928366698742
0.6136753541501273
0.6162750274253189
0.6188927927406774
0.6215275500385188
0.6241808160375218
0.6268549111450178
0.6295478472646053
0.6322617060017824
0.6349983813062337
0.6377558543489096
0.6405380160145704
0.6433439046136469
0.6461737364854994
0.6490314365145136
0.65191344672553
0.6548258498763062
0.6577646062582709
0.6607347248542392
0.6637336523209321
0.6667656390094635
0.6698280165871413
0.6729259032110743
0.6760551001754671
0.6792221953978242
0.6824228742744667
0.6856600709001746
0.6889348587629981
0.6922449721443945
0.69559359798417
0.6989795041341681
0.7024010359791197
0.7058586932285955
0.7093528232459625
0.7128798047222598
0.7164379970626831
0.7200252393007965
0.7236400450747601
0.7272773641005709
0.7309331924400647
0.734603072145555
0.7382820370296361
0.7419646774576136
0.745644832525857
0.7493163651560683
0.7529732465767041
0.7566095499466591
0.7602196094269128
0.7637969600561426
0.7673359019836076
0.7708333575295928
0.7742858858935601
0.7776879389861997
0.7810365847811693
0.7843330531892545
0.7875721494601218
0.7907536950861412
0.7938805850522976
0.7969452395495424
0.7999576668029478
0.8029072638155044
0.8058057415428346
0.8086450638423854
0.8114322925472741
0.8141682033109017
0.8168484910053776
0.8194817686456584
0.822067885777164
0.824601911682121
0.8270921746927868
0.8295396585571908
0.8319453732538484
0.8343058341393073
0.8366263759692686
0.8389088366464998
0.8411542613589091
0.8433636922987376
0.8455381651692309
0.8476787061304418
0.8497863291500086
0.8518620337254916
0.8539068029459689
0.8559216018619582
0.8579073761343
0.8598650509343311
0.8617955300694353
0.8636996953098595
0.8655784058944647
0.8674324981948416
0.8692627855189212
0.8710700580368392
0.8728550828133725
0.8746186039327226
0.8763613427027995
0.8780839979274357
0.8797843227778741
0.8814645235496166
0.8831264079161982
0.8847706016133728
0.8863977093910252
0.8880083155145033
0.8895976819978141
0.891171403965166
0.892730130178457
0.8942743788229004
0.8958020873137792
0.8973125783444647
0.8988099473262059
0.9002946515818133
0.9017641331945081
0.9032179312892664
0.9046602810670928
0.9060915844774092
0.9075060647389287
0.9089090573388589
0.9103020926399457
0.9116815988355657
0.9130480284249846
0.9144055067466493
0.9157513271641212
0.9170837966072847
0.9184082431709323
0.9197216111575852
0.9210225436876691
0.9223163093215384
0.9235984052346651
0.924870055824135
0.9261353281303664
0.9273872813439125
0.9286317476710456
0.9298690376731074
0.931093452694312
0.9323126856368287
0.9335214358511592
0.9347217965214817
0.9359166586823457
0.9370988313589614
0.9382768757926272
0.9394446977721357
0.9406056158640662
0.9417602749837062
0.9429046872564175
0.9440458981993166
0.9451749201387183
0.9463005811920254
0.9474171187983595
0.9485277928455906
0.9496320624753994
0.9507282928826646
0.9518205061737106
0.9529028174662804
0.9539831814490106
0.9550520799669677
0.9561195031340896
0.9571767717071294
0.9582315488873989
0.9592775626829395
0.9603201535721358
0.9613551022640765
0.9623859506910957
0.9634100198716502
0.9644295543563822
0.9654429256347173
0.9664515599271174
0.9674544110258169
0.9684525446266147
0.9694450494759745
0.9704330681394835
0.9714153969696514
0.9723936731891482
0.973365992620123
0.9743348860962756
0.9752973592257883
0.9762572173186159
0.9772100038079133
0.978161161972761
0.9791044181303222
0.9800472003383345
0.9809810792015461
0.9819149580647577
0.9828404497599418
0.9837651011747648
0.9846829787422889
0.985598549440949
0.9865091017363711
0.9874157354131078
0.9883192414180372
0.9892170788029467
0.9901138079732378
0.991002986904246
0.9918921658352543
0.9927738549985191
0.9936545104915226
0.9945300667466412
0.9954023310638539
0.9962719945669104
0.9971359972834533
