0.000 45.000 405.000 45.000
0.084 44.921 404.921 44.921
0.246 44.770 404.770 44.770
0.477 44.551 404.551 44.551
0.772 44.272 404.272 44.272
1.125 43.938 403.938 43.938
1.530 43.555 403.555 43.555
1.981 43.128 403.128 43.128
2.475 42.661 402.661 42.661
3.006 42.158 402.158 42.158
3.571 41.625 401.625 41.625
4.165 41.064 401.064 41.064
4.784 40.478 400.478 40.478
5.427 39.872 399.872 39.872
6.089 39.248 399.248 39.248
6.768 38.609 398.609 38.609
7.460 37.956 397.956 37.956
8.164 37.294 397.294 37.294
8.878 36.623 396.623 36.623
9.599 35.946 395.946 35.946
10.325 35.264 395.264 35.264
11.055 34.579 394.579 34.579
11.787 33.893 393.893 33.893
12.519 33.207 393.207 33.207
13.251 32.523 392.523 32.523
13.981 31.840 391.840 31.840
14.708 31.161 391.161 31.161
15.430 30.487 390.487 30.487
16.148 29.817 389.817 29.817
16.860 29.154 389.154 29.154
17.565 28.498 388.498 28.498
18.263 27.848 387.848 27.848
18.953 27.207 387.207 27.207
19.635 26.574 386.574 26.574
20.308 25.949 385.949 25.949
20.972 25.334 385.334 25.334
21.626 24.728 384.728 24.728
22.270 24.132 384.132 24.132
22.904 23.545 383.545 23.545
23.528 22.969 382.969 22.969
24.141 22.403 382.403 22.403
24.743 21.848 381.848 21.848
25.335 21.303 381.303 21.303
25.915 20.769 380.769 20.769
26.485 20.245 380.245 20.245
27.043 19.731 379.731 19.731
27.591 19.229 379.229 19.229
28.127 18.737 378.737 18.737
28.653 18.255 378.255 18.255
29.167 17.784 377.784 17.784
29.671 17.323 377.323 17.323
30.163 16.873 376.873 16.873
30.645 16.433 376.433 16.433
31.117 16.003 376.003 16.003
31.577 15.583 375.583 15.583
32.028 15.172 375.172 15.172
32.468 14.772 374.772 14.772
32.898 14.381 374.381 14.381
33.318 13.999 373.999 13.999
33.728 13.627 373.627 13.627
34.128 13.264 373.264 13.264
34.519 12.910 372.910 12.910
34.900 12.565 372.565 12.565
35.272 12.228 372.228 12.228
35.635 11.900 371.900 11.900
35.989 11.580 371.580 11.580
36.334 11.269 371.269 11.269
36.671 10.965 370.965 10.965
37.000 10.669 370.669 10.669
37.320 10.381 370.381 10.381
37.632 10.101 370.101 10.101
37.936 9.828 369.828 9.828
38.232 9.561 369.561 9.561
38.521 9.302 369.302 9.302
38.802 9.050 369.050 9.050
39.077 8.805 368.805 8.805
39.344 8.566 368.566 8.566
39.604 8.333 368.333 8.333
39.857 8.107 368.107 8.107
40.104 7.887 367.887 7.887
40.344 7.672 367.672 7.672
40.579 7.464 367.464 7.464
40.807 7.261 367.261 7.261
41.028 7.063 367.063 7.063
41.245 6.871 366.871 6.871
41.455 6.685 366.685 6.685
41.660 6.503 366.503 6.503
41.859 6.326 366.326 6.326
42.053 6.154 366.154 6.154
42.242 5.987 365.987 5.987
42.426 5.825 365.825 5.825
42.605 5.666 365.666 5.666
42.779 5.513 365.513 5.513
42.949 5.363 365.363 5.363
43.114 5.218 365.218 5.218
43.275 5.076 365.076 5.076
43.431 4.939 364.939 4.939
43.583 4.805 364.805 4.805
43.731 4.675 364.675 4.675
43.875 4.549 364.549 4.549
44.016 4.426 364.426 4.426
44.152 4.307 364.307 4.307
44.285 4.190 364.190 4.190
44.414 4.077 364.077 4.077
44.540 3.968 363.968 3.968
44.662 3.861 363.861 3.861
44.781 3.757 363.757 3.757
44.897 3.656 363.656 3.656
45.010 3.558 363.558 3.558
45.120 3.463 363.463 3.463
45.227 3.370 363.370 3.370
45.331 3.280 363.280 3.280
45.432 3.192 363.192 3.192
45.530 3.107 363.107 3.107
45.626 3.024 363.024 3.024
45.719 2.943 362.943 2.943
45.810 2.865 362.865 2.865
45.898 2.789 362.789 2.789
45.984 2.715 362.715 2.715
46.068 2.643 362.643 2.643
46.149 2.573 362.573 2.573
46.228 2.505 362.505 2.505
46.305 2.439 362.439 2.439
46.380 2.374 362.374 2.374
46.453 2.312 362.312 2.312
46.524 2.251 362.251 2.251
46.594 2.192 362.192 2.192
46.661 2.134 362.134 2.134
46.726 2.078 362.078 2.078
46.790 2.024 362.024 2.024
46.852 1.971 361.971 1.971
46.913 1.920 361.920 1.920
46.972 1.870 361.870 1.870
47.029 1.821 361.821 1.821
47.085 1.774 361.774 1.774
47.139 1.728 361.728 1.728
47.192 1.683 361.683 1.683
47.243 1.640 361.640 1.640
47.294 1.597 361.597 1.597
47.342 1.556 361.556 1.556
47.390 1.516 361.516 1.516
47.436 1.477 361.477 1.477
47.481 1.439 361.439 1.439
47.525 1.403 361.403 1.403
47.568 1.367 361.367 1.367
47.610 1.332 361.332 1.332
47.650 1.298 361.298 1.298
47.690 1.265 361.265 1.265
47.728 1.233 361.233 1.233
47.766 1.202 361.202 1.202
47.802 1.171 361.171 1.171
47.838 1.142 361.142 1.142
47.872 1.113 361.113 1.113
47.906 1.085 361.085 1.085
47.939 1.058 361.058 1.058
47.971 1.031 361.031 1.031
48.002 1.006 361.006 1.006
48.033 0.981 360.981 0.981
48.062 0.956 360.956 0.956
48.091 0.933 360.933 0.933
48.119 0.909 360.909 0.909
48.147 0.887 360.887 0.887
48.173 0.865 360.865 0.865
48.199 0.844 360.844 0.844
48.225 0.823 360.823 0.823
48.250 0.803 360.803 0.803
48.274 0.783 360.783 0.783
48.297 0.764 360.764 0.764
48.320 0.746 360.746 0.746
48.343 0.728 360.728 0.728
48.364 0.710 360.710 0.710
48.386 0.693 360.693 0.693
48.406 0.676 360.676 0.676
48.427 0.660 360.660 0.660
48.446 0.644 360.644 0.644
48.465 0.629 360.629 0.629
48.484 0.614 360.614 0.614
48.503 0.599 360.599 0.599
48.520 0.585 360.585 0.585
48.538 0.571 360.571 0.571
48.555 0.558 360.558 0.558
48.571 0.544 360.544 0.544
48.587 0.532 360.532 0.532
48.603 0.519 360.519 0.519
48.619 0.507 360.507 0.507
48.634 0.495 360.495 0.495
48.648 0.484 360.484 0.484
48.663 0.473 360.473 0.473
48.676 0.462 360.462 0.462
48.690 0.451 360.451 0.451
48.703 0.441 360.441 0.441
48.716 0.431 360.431 0.431
48.729 0.421 360.421 0.421
48.741 0.411 360.411 0.411
48.753 0.402 360.402 0.402
48.765 0.393 360.393 0.393
48.777 0.384 360.384 0.384
48.788 0.376 360.376 0.376
48.799 0.367 360.367 0.367
48.810 0.359 360.359 0.359
48.820 0.351 360.351 0.351
48.830 0.343 360.343 0.343
48.840 0.336 360.336 0.336
48.850 0.328 360.328 0.328
48.860 0.321 360.321 0.321
48.869 0.314 360.314 0.314
48.878 0.307 360.307 0.307
48.887 0.301 360.301 0.301
48.896 0.294 360.294 0.294
48.904 0.288 360.288 0.288
48.913 0.282 360.282 0.282
48.921 0.276 360.276 0.276
48.929 0.270 360.270 0.270
48.936 0.264 360.264 0.264
48.944 0.259 360.259 0.259
48.951 0.254 360.254 0.254
48.959 0.248 360.248 0.248
48.966 0.243 360.243 0.243
48.973 0.238 360.238 0.238
48.980 0.233 360.233 0.233
48.986 0.229 360.229 0.229
48.993 0.224 360.224 0.224
48.999 0.219 360.219 0.219
49.005 0.215 360.215 0.215
49.011 0.211 360.211 0.211
49.017 0.207 360.207 0.207
49.023 0.203 360.203 0.203
49.029 0.199 360.199 0.199
49.035 0.195 360.195 0.195
49.040 0.191 360.191 0.191
49.045 0.187 360.187 0.187
49.051 0.184 360.184 0.184
49.056 0.180 360.180 0.180
49.061 0.177 360.177 0.177
49.066 0.174 360.174 0.174
49.071 0.170 360.170 0.170
49.075 0.167 360.167 0.167
49.080 0.164 360.164 0.164
49.085 0.161 360.161 0.161
49.089 0.158 360.158 0.158
49.093 0.155 360.155 0.155
49.098 0.153 360.153 0.153
49.102 0.150 360.150 0.150
49.106 0.147 360.147 0.147
49.110 0.145 360.145 0.145
49.114 0.142 360.142 0.142
49.118 0.140 360.140 0.140
49.122 0.138 360.138 0.138
49.126 0.135 360.135 0.135
49.129 0.133 360.133 0.133
49.133 0.131 360.131 0.131
49.136 0.129 360.129 0.129
49.140 0.127 360.127 0.127
49.143 0.125 360.125 0.125
49.147 0.123 360.123 0.123
49.150 0.121 360.121 0.121
49.153 0.119 360.119 0.119
49.156 0.117 360.117 0.117
49.160 0.115 360.115 0.115
49.163 0.114 360.114 0.114
49.166 0.112 360.112 0.112
49.169 0.111 360.111 0.111
49.172 0.109 360.109 0.109
49.174 0.107 360.107 0.107
49.177 0.106 360.106 0.106
49.180 0.105 360.105 0.105
49.183 0.103 360.103 0.103
49.186 0.102 360.102 0.102
49.188 0.101 360.101 0.101
49.191 0.099 360.099 0.099
49.193 0.098 360.098 0.098
49.196 0.097 360.097 0.097
49.198 0.096 360.096 0.096
49.201 0.095 360.095 0.095
49.203 0.094 360.094 0.094
49.206 0.093 360.093 0.093
49.208 0.092 360.092 0.092
49.211 0.091 360.091 0.091
49.213 0.090 360.090 0.090
49.215 0.089 360.089 0.089
49.217 0.088 360.088 0.088
49.220 0.088 360.088 0.088
49.222 0.087 360.087 0.087
49.224 0.086 360.086 0.086
49.226 0.085 360.085 0.085
49.228 0.085 360.085 0.085
49.230 0.084 360.084 0.084
49.232 0.084 360.084 0.084
49.234 0.083 360.083 0.083
49.236 0.083 360.083 0.083
49.238 0.082 360.082 0.082
49.240 0.082 360.082 0.082
49.242 0.082 360.082 0.082
49.244 0.081 360.081 0.081
49.246 0.081 360.081 0.081
49.248 0.081 360.081 0.081
49.250 0.081 360.081 0.081
49.252 0.081 360.081 0.081
49.254 0.081 360.081 0.081
49.256 0.081 360.081 0.081
49.258 0.081 360.081 0.081
49.260 0.081 360.081 0.081
49.261 0.081 360.081 0.081
49.263 0.081 360.081 0.081
49.265 0.082 360.082 0.082
49.267 0.082 360.082 0.082
49.269 0.082 360.082 0.082
49.271 0.083 360.083 0.083
49.272 0.084 360.084 0.084
49.274 0.084 360.084 0.084
49.276 0.085 360.085 0.085
49.278 0.086 360.086 0.086
49.280 0.087 360.087 0.087
49.282 0.088 360.088 0.088
49.283 0.090 360.090 0.090
49.285 0.091 360.091 0.091
49.287 0.093 360.093 0.093
49.289 0.094 360.094 0.094
49.291 0.097 360.097 0.097
49.293 0.099 360.099 0.099
49.295 0.101 360.101 0.101
49.297 0.104 360.104 0.104
49.299 0.108 360.108 0.108
49.301 0.111 360.111 0.111
49.303 0.115 360.115 0.115
49.305 0.120 360.120 0.120
49.307 0.126 360.126 0.126
49.309 0.132 360.132 0.132
49.311 0.139 360.139 0.139
49.314 0.148 360.148 0.148
49.316 0.158 360.158 0.158
49.319 0.170 360.170 0.170
49.321 0.184 360.184 0.184
49.324 0.202 360.202 0.202
49.327 0.225 360.225 0.225
49.330 0.254 360.254 0.254
49.333 0.294 360.294 0.294
49.337 0.351 360.351 0.351
